80, 71424
80, 71424
80, 71424
80, 71424
80, 71424
80, 71424
80, 71424
80, 85741
80, 73137
83, 72691
83, 39884
83, 80139
85, 21198
85, 58061
85, 17428
85, 62980
85, 13991
85, 79683
90, 46370
90, 98610
90, 23592
90, 88599
90, 28049
90, 93977
95, 58451
95, 57111
95, 93529
95, 27304
95, 80162
95, 16582
93, 30723
93, 33420
93, 33487
100, 92744
100, 25900
100, 33840
100, 79132
100, 10567
100, 79447
100, 23268
100, 10484
100, 56434
103, 11541
103, 98986
103, 88325
105, 45482
105, 15650
105, 35672
109, 33568
109, 70179
109, 45300
